307.704 657
308.034 656
307.885 655
307.853 654
307.737 653
307.749 652
307.711 651
307.714 650
307.6 649
307.478 648
307.386 647
307.313 646
307.39 645
307.386 644
307.234 643
307.044 642
306.937 641
306.687 640
306.65 639
306.183 638
305.934 637
305.587 636
305.515 635
305.486 634
305.834 633
305.821 632
305.229 631
305.638 630
305.576 629
305.61 628
305.532 627
305.63 626
305.127 625
304.884 624
304.488 623
304.273 622
304.134 621
304.093 620
304.114 619
304.121 618
304.07 617
304.018 616
304 615
303.981 614
303.979 613
303.949 612
303.94 611
303.938 610
303.924 609
303.947 608
303.169 607
302.993 606
302.951 605
302.934 604
302.9 603
302.838 602
302.867 601
302.927 600
302.745 599
302.204 598
301.427 597
300.71 596
299.892 595
299 594.181
298 593.111
296.961 592
296.054 591
295.089 590
293.462 588
292.579 587
291 585.599
290 584.861
289.294 584
288.575 583
287.905 582
287.111 581
286 579.825
285 578.884
284.133 578
283 576.988
282.07 576
281.468 575
281 574.277
279.858 573
278.883 572
278 571.167
276.794 570
275.963 569
275 568.034
273.872 567
273.064 566
272 564.673
271.414 564
270.629 563
270 562.427
269 561.502
268.511 561
267.569 560
267 559.3
266 558.569
265.702 558
265.091 557
264 555.772
263.082 555
262 554.031
261 553.781
260 553.833
259 553.751
258 553.611
257 553.216
256 552.981
255 552.841
254 552.873
253 552.884
252 552.831
251 552.701
250 552.615
249 552.593
248 552.283
247 552.128
246 552.057
245 552.041
244 552.03
243 551.922
242 551.727
241 551.49
240 551.408
239 551.249
238 551.167
237 551.11
236 550.965
235 550.625
234 550.291
233 550.282
232 550.289
231 550.385
230 550.211
229 550.05
228 549.938
227 549.852
226 549.745
225 549.609
224 549.518
223 549.498
222 549.315
221 549.229
220 549.288
219 549.344
218 549.237
217 549.06
216 548.961
215 548.859
214 548.721
213 548.551
212 548.536
211 548.613
210 548.524
209 548.224
208 548.449
207.4 549
207 549.736
205.913 551
204.778 552
203.793 553
203 554
202.05 555
201 555.991
200 557.016
199 558.152
198.112 559
197 560.06
196.108 561
195.475 562
195 562.636
193.602 564
193 564.5
192.648 565
192 565.484
191 566.692
189.982 568
188.985 569
188 569.909
186.79 571
186 571.886
185.036 573
184.151 574
183.205 575
182 576.127
181.117 577
180.077 578
179.234 579
178 580.547
177.36 581
177 581.549
175.713 583
175 583.734
173.901 585
173.407 586
173.156 587
173.1 588
173.126 589
173.16 590
173.15 591
173.377 592
173.469 593
173.755 594
173.903 595
173.91 596
173.941 597
173.982 598
173.979 599
174.201 600
174.365 601
174.443 602
174.466 603
174.544 604
174.621 605
174.723 606
174.753 607
174.855 608
174.875 609
174.87 610
174.967 611
175.266 612
175.565 613
175.722 614
175.793 615
175.664 616
175.646 617
175.658 618
175.693 619
175.778 620
175.856 621
175.937 622
176.001 623
176.157 624
176.209 625
176.293 626
176.522 627
176.743 628
176.787 629
176.766 630
176.769 631
176.834 632
176.859 633
176.92 634
176.969 635
177.024 636
177.089 637
177.138 638
177.161 639
177.169 640
177.174 641
177.192 642
177.188 643
177.206 644
177.192 645
177.185 646
177.202 647
178.108 648
179 649.094
179.898 650
180.686 651
181.401 652
181.958 653
182.741 654
183.37 655
184 655.811
185 656.535
186.592 658
187.426 659
188 659.76
189.028 661
190.045 662
191.031 663
192 663.987
192.878 665
194 666.125
194.887 667
195.754 668
197 669.297
198 670.082
198.842 671
199.671 672
201 673.407
202.418 675
203.486 676
204 676.726
205.116 678
205.868 679
207 680.174
208 681.064
208.896 682
209.706 683
210.667 684
212 685.453
212.574 686
213.95 688
215 689.2
216 690.058
217 691.028
217.924 692
219 693.082
220 693.86
221 694.36
222 695.015
223 694.977
224 695.132
225 695.349
226 695.708
227 695.838
228 695.836
229 695.819
230 695.797
231 695.764
232 695.719
233 695.661
234 695.534
235 695.482
236 695.483
237 695.468
238 695.437
239 695.419
240 695.666
241 695.766
242 695.887
243 695.977
244 696.026
245 696.048
246 696.078
247 696.102
248 696.127
249 696.096
250 696.1
251 696.12
252 696.122
253 696.1
254 696.129
255 696.194
256 696.595
257 696.656
258 696.711
259 696.692
260 696.813
261 696.832
262 696.882
263 696.884
264 696.871
265 696.88
266 696.863
267 696.831
268 696.795
269 696.776
270 696.75
271 696.752
272 696.708
273 696.234
274 696.133
275 695.801
276.407 694
277 693.358
276 691.039
275.022 692
279.334 692
280 691.409
281.718 690
282.089 689
282.703 688
283 687.199
284.159 686
285 685.028
285.907 684
286.558 683
287.053 682
287.288 681
288 679.914
289 679.306
290 678.933
290.589 678
291.007 677
291.398 676
292.052 675
293 673.986
293.973 673
295.073 672
296 671.028
296.776 670
297.37 669
298.63 668
300 666.653
300.381 666
300.747 665
301.203 664
302 663.149
303.049 662
303.447 661
303.455 660
303.266 659
305 659.376
305.91 658
306.029 657
306.236 656
