216 595.213
217 595.054
218 595.164
219 595.415
220 595.386
221 595.36
222 595.475
223 595.424
224 595.89
225 595.968
226 596.07
227 596.17
228 596.223
229 596.215
230 596.191
231 596.184
232 596.413
233 596.626
234 596.689
235 596.687
236 597.069
236.812 598
236.052 599
236.25 600
236.785 601
236.779 602
236 602.749
235 603.129
234 603.27
233 603.168
232 603.108
231 602.867
230 602.849
229 602.236
228.248 603
229.062 604
229.143 605
229.053 606
229.084 607
229.267 608
229.278 609
229.334 610
229.434 611
229.421 612
229.386 613
229.52 614
229.703 615
229.611 616
229.677 617
229.769 618
229.855 619
229.912 620
229.945 621
230.031 622
230.168 623
230.585 624
230.583 625
230.685 626
230.853 627
230.926 628
230.952 629
230.994 630
231.02 631
231.077 632
231.117 633
231.18 634
231.22 635
231.278 636
231.396 637
231.589 638
231.74 639
231.845 640
231.948 641
231.984 642
232.122 643
232.305 644
232.617 645
232.692 646
232 646.947
231 647.118
230 647.235
229 647.188
228 647.034
227 646.733
226.424 646
225.948 645
225.82 644
225.758 643
225.729 642
225.696 641
225.678 640
225.689 639
225.666 638
225.623 637
225.553 636
225.441 635
225.29 634
225.04 633
224.741 632
224.297 631
224.135 630
224.099 629
224.061 628
224.016 627
223.894 626
223.726 625
223.647 624
223.435 623
223.41 622
223.381 621
223.401 620
223.402 619
223.364 618
223.224 617
223.106 616
223.104 615
223.058 614
223.095 613
223.062 612
222.865 611
222.721 610
222.653 609
222.612 608
222.265 607
221.959 606
221.809 605
221.778 604
221 602.868
220 602.232
219 601.911
218 601.625
217 601.356
216 601.306
215 601.57
213.523 600
213.206 599
213.253 598
213.318 597
214 596.099
215 595.419
216 595.213
