538 576.39
539 576.524
540 576.689
541 576.778
542 576.905
543 576.994
544 577.175
545 577.166
546 577.206
547 577.297
548 577.406
549 577.56
550 577.906
551 578.196
552 578.402
553 578.4
554 578.696
555 579.244
555.676 580
556.228 581
556.258 582
556.231 583
556.117 584
555 585.714
554 585.354
553 585.073
552 584.95
551 584.898
550 584.94
549.052 586
549.102 587
549.043 588
549.128 589
549.348 590
549.274 591
549.3 592
549.276 593
549.26 594
549.285 595
549.339 596
549.392 597
549.467 598
549.506 599
549.634 600
549.715 601
549.765 602
549.777 603
549.774 604
549.797 605
549.88 606
549.953 607
550.011 608
549.994 609
550.005 610
550.011 611
550.033 612
550.038 613
550.032 614
550.032 615
550.026 616
550.027 617
550.046 618
550.067 619
550.07 620
550.094 621
550.095 622
550.12 623
550.35 624
550.364 625
550.36 626
550.378 627
550.524 628
550.685 629
550.735 630
550 630.735
549 630.963
548 630.967
547 630.762
546 630.038
545.124 629
544.929 628
544.957 627
544.93 626
544.932 625
544.917 624
544.726 623
544.719 622
544.719 621
544.719 620
544.719 619
544.708 618
544.708 617
544.7 616
544.409 615
544.389 614
544.351 613
544.361 612
544.386 611
544.383 610
544.395 609
544.375 608
544.253 607
544.114 606
543.988 605
543.895 604
543.867 603
543.877 602
543.875 601
543.882 600
543.906 599
543.857 598
543.839 597
543.864 596
543.906 595
543.901 594
543.884 593
543.866 592
543.889 591
543.867 590
543.723 589
543.615 588
543.612 587
543.599 586
543.496 585
543.054 584
542 583.134
541 582.901
540 582.887
539 582.877
538 582.579
537 582.091
536.08 581
535.966 580
536.006 579
535.732 578
535.971 577
537 576.312
538 576.39
