620.972 643
620.593 642
620.677 641
620.668 640
620.125 639
620.087 638
620.026 637
619.987 636
619.958 635
619.936 634
619.938 633
619.934 632
619.904 631
619.858 630
619.727 629
619.565 628
619.451 627
619.349 626
619.257 625
619.194 624
619.254 623
619.186 622
619.151 621
619.22 620
619.349 619
619.345 618
618.909 617
618.567 616
618.408 615
618.27 614
618.171 613
618.166 612
618.201 611
618.235 610
618.228 609
618.206 608
618.21 607
618.186 606
618.154 605
618.136 604
618.144 603
618.164 602
618.5 601
617.466 600
617.39 599
617.357 598
617.3 597
617.247 596
617.231 595
617.25 594
617.286 593
617.304 592
617.241 591
617.171 590
617.199 589
617.24 588
617.092 587
617.109 586
617.177 585
616.499 584
615.96 583
615.18 582
614.637 581
613.958 580
613.124 579
612.66 578
612 577.184
611.128 576
610.796 575
609.951 574
609 572.791
608.443 572
607.803 571
607.001 570
606 568.736
605.422 568
604.834 567
603.97 566
603 564.692
602.681 564
602.013 563
601.105 562
600.285 561
599.802 560
599.047 559
598.338 558
597.705 557
597 556.322
595.989 555
595.805 554
595 552.839
594.325 552
592.919 550
592.154 549
591.493 548
590.873 547
590.021 546
589.178 545
588.607 544
587.935 543
587.167 542
586.589 541
585.952 540
585.22 539
584.745 538
584.004 537
583.177 536
582 534.979
581 534.302
580 534.078
579 533.993
578 533.919
577 533.901
576 533.745
575 533.327
574 533.215
573 533.113
572 532.963
571 532.78
570 532.705
569 532.422
568 532.085
567 531.984
566 531.884
565 531.775
564 531.642
563 531.319
562 531.146
561 530.927
560 530.584
559 530.742
558 530.38
557 530.051
556 529.885
555 529.787
554 529.697
553 529.46
552 529.264
551 528.872
550 528.727
549 528.649
548 528.546
547 528.233
546 528.091
545 527.876
544 527.629
543 527.246
542 527.033
541 526.899
540 526.749
539 526.645
538 526.147
537 525.964
536 525.859
535 526.27
534.228 527
533.913 528
533.204 529
532.23 530
531 531.341
530.607 532
529.893 533
529 534.039
528.139 535
527 536.238
526.285 537
525 538.314
524.392 539
523.556 540
522.913 541
522.015 542
521 543.102
520.198 544
519 545.411
518 546.464
517 547.464
516.499 548
515.875 549
515.003 550
513.953 551
513 551.957
512.063 553
511.551 554
511 554.602
509.606 556
509 556.513
507.89 558
507.111 559
506 560.035
505.118 561
504.324 562
503.41 563
502.465 564
501.783 565
502.017 566
501.948 567
501.922 568
501.963 569
501.997 570
501.999 571
502.05 572
502.128 573
502.14 574
502.145 575
502.47 576
502.52 577
502.554 578
502.586 579
502.586 580
502.605 581
502.617 582
502.647 583
502.662 584
502.683 585
502.683 586
502.697 587
502.691 588
502.662 589
502.657 590
502.687 591
502.665 592
502.673 593
502.693 594
502.735 595
502.752 596
502.755 597
502.77 598
502.778 599
502.78 600
502.816 601
502.896 602
502.941 603
502.916 604
502.952 605
503.039 606
503.067 607
503.053 608
503.068 609
503.071 610
503.071 611
503.075 612
503.071 613
503.084 614
503.139 615
503.289 616
503.276 617
503.309 618
503.39 619
503.405 620
503.412 621
503.456 622
503.549 623
503.207 624
503.163 625
503.215 626
503.226 627
503.182 628
503.043 629
503.033 630
503.423 631
504.174 632
505.019 633
506.947 632
505.785 631
505.852 630
505.926 628
505.883 627
506.004 626
505.526 625
506 624
506.211 635
506.933 636
507.778 637
508.546 638
509 638.585
510.1 640
510.91 641
512 642.35
513.138 644
513.846 645
514.644 646
515.414 647
516.217 648
517.011 649
517.75 650
518.335 651
519.023 652
519.788 653
520.323 654
521.131 655
521.951 656
522.727 657
523.328 658
524.132 659
524.993 660
525.837 661
526.3 662
527.126 663
528.065 664
528.9 665
529.514 666
530 666.813
530.975 668
531.791 669
532.385 670
533.072 671
533.603 672
534.541 673
535.368 674
536.087 675
536.793 676
537.429 677
538.149 678
538.977 679
540 680.123
541 680.897
542 681.282
543 681.291
544 681.39
545 681.487
546 681.641
547 681.785
548 681.898
549 681.973
550 682.009
551 682.032
552 682.18
553 682.286
554 682.483
555 682.629
556 682.718
557 682.792
558 682.86
559 682.92
560 683.028
561 683.077
562 683.125
563 683.2
564 683.296
565 683.389
566 683.527
567 683.687
568 683.983
569 684.041
570 684.085
571 684.114
572 684.183
573 684.281
574 684.328
575 684.325
576 684.389
577 684.442
578 684.716
579 684.931
580 684.99
581 684.987
582 685.061
583 685.171
584 685.298
585 685.334
586 685.426
587 685.467
588 685.961
589 686.095
590 685.836
590.86 685
591.453 684
592.092 683
592.959 682
593.787 681
594.297 680
595 679.053
595.879 678
596.635 677
597.363 676
598.106 675
598.933 674
600 672.742
600.478 672
601.049 671
601.785 670
602.478 669
603.233 668
604.035 667
605 665.815
605.647 665
606.311 664
607.001 663
607.628 662
608.278 661
609.1 660
609.954 659
610.846 658
612 656.776
612.63 656
613.268 655
614.034 654
614.764 653
615.41 652
616.164 651
616.974 650
617.656 649
618.211 648
619 647.088
619.928 646
620.609 645
