523.12 505
523.72 506
524.173 507
525 507.972
526.073 509
526.959 510
527.443 511
528.113 512
529 512.827
529.861 514
530.432 515
531.278 516
531 518.184
532.869 518
533.117 519
533.911 520
534.488 521
535.225 522
536.157 523
537 523.605
538.173 525
538.929 526
539.363 527
540.272 528
541.506 529
542.427 530
542.889 531
543.336 532
543.81 533
545.024 535
546.007 536
546.762 537
547.374 538
548 538.802
548.926 540
549.522 541
551.101 543
552.086 544
553 544.706
554 545.25
555 545.876
556 545.79
557 545.802
558 546.192
559 546.865
560 546.965
561 547.064
562 547.147
563 547.172
564 547.637
565 547.974
566 548.018
567 547.975
568 548.06
569 548.136
570 548.176
571 548.268
572 548.743
573 549.067
574 549.206
575 549.226
576 549.548
577 549.906
578 550.195
579 550.363
580 550.55
581 550.891
582 551.17
583 551.253
584 551.086
585 551.091
586 551.096
587 551.096
588 551.165
589 551.502
590 552.079
591 552.335
592 552.846
593 552.928
594 552.985
595 553.1
596 553.123
597 553.103
598 553.127
599 553.273
600 553.29
601 553.349
602 553.665
603 553.986
604 554.13
605 554.193
606 554.325
607 554.54
608 555.008
609 555.095
610 555.228
611 555.375
612 555.566
613 555.716
614 555.826
615 555.918
616 556.049
617 556.277
618 556.304
619 556.037
620.232 555
620.925 554
620.966 553
621.764 552
622.381 551
623.075 550
623.817 549
624.424 548
625.158 547
625.698 546
626.052 545
626.696 544
626.971 543
627.243 542
627.926 541
628.473 540
629.094 539
630 537.971
630.728 537
631.979 536
631.978 535
632.302 534
632.81 533
633.355 532
633.853 531
634.257 530
634.998 529
635.45 528
635.776 527
636.043 526
636.78 525
637.331 524
638.113 523
639 522.397
640.151 521
640.586 520
640.962 519
641.781 518
642.323 517
642.87 516
643.22 515
643.519 514
643.851 513
645 511.455
646.098 510
646.735 509
647.229 508
647.953 507
648.629 506
649.193 505
649.251 504
650.159 503
651 502.353
651.637 502
651.962 501
651.673 500
651.35 499
651.144 498
651.116 497
651.022 496
650.616 495
650.327 494
650.028 493
649.837 492
649.702 491
649.567 490
649.481 489
649.277 488
648.853 487
648.726 486
648.544 485
648.539 484
648.415 483
648.053 482
647.841 481
647.716 480
647.419 479
647.255 478
647.095 477
646.928 476
646.837 475
646.714 474
646.533 473
646.271 472
646.071 471
645.943 470
645.862 469
645.715 468
645.676 467
645.614 466
645.078 465
644.799 464
644.32 463
644.29 462
644.199 461
643.956 460
643.841 459
643.603 458
643.219 457
642.882 456
643.051 455
642.943 454
642.758 453
642.635 452
642.253 451
641.916 450
641.715 449
641.59 448
641.313 447
641.119 446
640.95 445
640.794 444
640.721 443
640.582 442
640.307 441
640.195 440
640.137 439
639.789 438
639.359 437
639.139 436
638.989 435
638.807 434
638.741 433
638.786 432
638.716 431
638.35 430
638.067 429
637.943 428
637.842 427
637.63 426
637.37 425
637.269 424
637.267 423
637.133 422
636.98 421
636.911 420
636.615 419
636.508 418
636.23 417
635.935 416
635.258 415
634.897 414
634.825 413
634.593 412
634.147 411
633.635 410
633 409.112
632.242 408
631.518 407
630.022 406
629.286 405
629 403.983
627.903 403
627 402.509
626.876 402
625 400.429
624.245 400
624.026 399
623.617 398
623 397.277
622 395.803
621.199 395
620.785 394
620 393.033
619.26 392
618.465 391
618.175 390
617.284 389
616.868 388
616.599 387
615 386.971
614.188 386
614.038 385
613.475 384
612.942 383
612 381.731
610.975 380
610.628 379
610 377.982
609 376.814
608.121 376
607.156 375
606 373.196
604.947 372
604.009 371
603 369.897
602.201 369
601.644 368
601.467 367
600.572 366
599.735 365
598.968 364
598 362.931
597.112 362
596.602 361
595.864 360
595 358.776
594.415 358
593.801 357
593 356.007
592.025 355
591.128 354
590.698 353
589.968 352
589.545 351
588.632 350
587.932 349
587.116 348
586 346.742
585.222 346
584 344.868
583 343.955
582.283 343
582.065 342
581.805 341
581 340.399
580 340.065
579 340.09
578 339.753
577 339.167
576 339.07
575 338.378
574 337.921
573 337.409
572 336.87
571 336.396
570 336.163
569 336.172
568 336.046
567 335.771
566 335.687
565 335.367
564 335.05
563 334.935
562 334.971
561 334.911
559.107 333
558 332.371
557 332.319
556 332.288
555 332.005
554 331.668
553 331.023
552 330.445
551 330.13
550 329.963
549 329.817
548 329.379
547 329.065
546 328.977
545 328.787
544 328.031
543 327.179
542 326.894
541 326.709
540 326.299
539 325.939
538 325.518
537 325.117
536 324.93
535 324.896
534 324.74
533 324.453
532 324.099
531 323.821
530 323.11
529 322.646
528 322.345
527 322.041
526 321.797
525 321.483
524 321.005
523 320.471
522 320.111
521 319.849
520 319.543
519 318.928
518 318.819
517 318.393
516 318.269
515.039 319
513.647 320
513 320.541
511.947 322
511.22 323
510.648 324
509.784 325
509.045 326
508.394 327
508 327.789
507.253 329
506.623 330
505.72 331
504.768 332
503.901 333
503 333.948
502.129 335
501.532 336
500.951 337
500.203 338
499.443 339
498.58 340
497.447 341
496.801 342
496.089 343
495.416 344
494.782 345
494 345.799
492.957 347
492.325 348
492 348.559
490.63 350
489.955 351
489.157 352
488.441 353
487.742 354
487 354.802
486.078 356
485.586 357
484.988 358
484 359.116
483.055 360
482.188 361
481.507 362
480.66 363
479.897 364
479.35 365
478.953 366
478.883 367
478.714 368
478.718 369
478.731 370
478.8 371
478.906 372
479.029 373
479.119 374
479.138 375
479.365 376
479.696 377
479.91 378
480.047 379
480.15 380
480.496 381
480.838 382
480.859 383
480.722 384
480.48 385
480.55 386
480.754 387
481.258 388
481.798 389
482.268 390
482.799 391
482.834 392
482.839 393
482.868 394
482.914 395
482.978 396
483.033 397
483.077 398
483.119 399
483.635 400
483.838 401
483.959 402
484.006 403
484.136 404
484.318 405
484.58 406
484.77 407
484.893 408
484.952 409
485.02 410
485.1 411
485.256 412
485.489 413
485.661 414
485.719 415
485.686 416
486.106 417
486.403 418
486.579 419
486.682 420
486.888 421
487.124 422
487.121 423
487.226 424
487.329 425
487.401 426
487.447 427
487.594 428
487.819 429
487.985 430
488.054 431
488.109 432
488.071 433
488.067 434
488.333 435
488.859 436
489.01 437
489.078 438
489.162 439
489.462 440
489.461 441
489.481 442
489.573 443
489.716 444
489.651 445
489.659 446
490.073 447
490.681 448
490.796 449
490.987 450
491.174 451
491.306 452
491.381 453
491.503 454
491.785 455
492.073 456
492.09 457
492.105 458
492.139 459
492.224 460
492.592 461
492.985 462
493.339 463
493.422 464
493.807 465
494.169 466
494.834 467
496 468.292
496.589 469
497.112 470
498.38 472
499.109 473
499.945 474
500.557 475
501.243 476
502 476.781
503.24 478
503.986 479
504.42 480
504.973 481
505.65 482
506.251 483
507.155 484
508 484.957
508.942 486
509.696 487
510.301 488
511.035 489
511.913 490
512.278 491
513.285 492
514.394 493
515.201 494
515.97 495
516.394 496
517 497.266
517.563 498
518.322 499
518.972 500
520 501.166
521 502.454
521.701 503
523.649 502
523 501.139
521.917 500
521 499.22
