531 390.328
532 390.914
533 390.887
534 391.033
535 391.078
536 391.223
537 391.441
538 392.104
539 392.553
540 392.881
541 393.047
542 393.248
543 393.536
544 394.194
545 394.646
546 394.938
547 395.017
548 395.168
549 395.542
550 395.81
551 395.874
552 396.282
553 396.556
554 396.819
555 396.961
556 397.196
556.749 398
556.831 399
556.787 400
557.134 401
557.068 402
557.053 403
557.424 404
557.831 405
557.895 406
557 406.904
556 406.892
555 406.834
554 406.548
553 405.939
552 405.925
551 405.942
550 405.916
548.273 407
548.411 408
548.351 409
548.432 410
548.626 411
548.809 412
548.994 413
549.24 414
549.501 415
549.882 416
550.124 417
550.421 418
550.705 419
550.821 420
550.858 421
550.972 422
551.165 423
550.948 424
551.182 425
551.399 426
551.358 427
551.377 428
551.707 429
551.965 430
552.129 431
552.161 432
552.483 433
552.739 434
552.903 435
552.997 436
553.014 437
553.092 438
553.18 439
553.183 440
553.348 441
553.625 442
553.762 443
553.788 444
553.893 445
554.288 446
554.605 447
554.582 448
554.738 449
555.001 450
555.423 451
555.548 452
555.386 453
555.596 454
555.989 455
556.297 456
556.619 457
556.753 458
556.789 459
556.836 460
556.945 461
557.148 462
557.439 463
557.673 464
557.98 465
558.078 466
558.131 467
558.288 468
558.442 469
558.607 470
558.7 471
558.678 472
557 472.449
556 472.486
555 472.454
554 472.335
553 472.002
551.842 471
551.149 470
550.946 469
550.882 468
550.754 467
550.479 466
550.263 465
550.149 464
549.908 463
549.791 462
549.7 461
549.466 460
549.174 459
549.122 458
549.104 457
548.953 456
548.707 455
548.515 454
548.256 453
548.121 452
548.084 451
547.965 450
547.704 449
547.318 448
546.918 447
546.793 446
546.706 445
546.655 444
546.402 443
546.071 442
545.836 441
545.728 440
545.721 439
545.647 438
545.456 437
545.298 436
545.214 435
545.139 434
545.053 433
544.972 432
544.908 431
544.693 430
544.358 429
544.188 428
544.138 427
544.09 426
543.899 425
543.616 424
543.653 423
543.144 422
542.881 421
542.887 420
542.839 419
542.728 418
542.625 417
542.376 416
541.823 415
541.34 414
541.305 413
541.239 412
541 411
540.853 410
540.786 409
540.648 408
540.742 407
540.701 406
540.639 405
540.651 404
540.695 403
540 402.285
539 401.68
538 401.28
537 400.92
536 400.821
535 400.765
534 400.75
533 400.724
532 400.432
531 399.902
529.997 399
529.172 398
528.682 397
528.498 396
528.499 395
528.504 394
528.438 393
527.99 392
528.707 391
530 390.191
531 390.328
